65535
65535
65535
65535
65535
65535
65535
65535
65535
65535
65535
1
1
1
1
1
1
2
1
1
1
1
1
1
1
1
1
1
1
1
1
1
1
1
1
1
1
1
1
1
1
1
1
1
1
1
1
1
1
1
1
1
1
1
1
1
1
1
1
1
1
1
1
1
1
1
1
1
1
1
1
1
1
1
1
1
1
1
1
1
1
1
1
1
1
1
1
1
1
1
1
1
1
1
2
1
1
1
1
1
1
1
1
1
1
1
3
4
5
5
7
8
12
24
34
43
52
59
66
70
76
80
84
88
90
94
97
100
102
105
107
108
111
112
114
115
117
118
119
120
122
122
124
124
125
127
126
128
128
128
129
130
130
130
131
131
132
132
131
132
132
132
132
133
133
133
133
133
133
134
134
134
134
135
134
135
135
134
135
135
135
135
136
136
135
135
135
135
135
135
135
135
135
135
135
136
135
135
135
136
136
136
135
136
136
135
135
135
135
136
135
135
135
136
136
135
135
136
135
135
135
136
135
136
136
135
136
135
135
135
134
135
135
135
135
135
135
135
135
136
135
135
135
136
135
135
135
65535
65535
65535
65535
65535
65535
65535
65535
65535
65535
65535
1
1
1
1
1
